119
0 120 120
1 121 121
2 123 123
3 127 127
4 135 136
5 151 151
6 183 185
7 247 247
46
0 47 47
1 48 48
2 50 50
3 54 54
4 62 62
5 78 79
6 110 111
7 174 174
90
0 91 92
1 92 92
2 94 94
3 98 98
4 106 106
5 122 122
6 154 154
7 218 218
45
0 46 46
1 47 47
2 49 50
3 53 53
4 61 61
5 77 79
6 109 109
7 173 174
207
0 208 208
1 209 209
2 211 212
3 215 215
4 223 224
5 239 239
6 15 17
7 79 79
201
0 202 205
1 203 205
2 205 205
3 209 209
4 217 217
5 233 233
6 9 9
7 73 73
168
0 169 170
1 170 170
2 172 172
3 176 176
4 184 185
5 200 201
6 232 232
7 40 40
79
0 80 80
1 81 82
2 83 83
3 87 87
4 95 95
5 111 111
6 143 143
7 207 207
231
0 232 232
1 233 233
2 235 235
3 239 239
4 247 247
5 7 7
6 39 40
7 103 105
224
0 225 225
1 226 227
2 228 228
3 232 232
4 240 241
5 0 0
6 32 34
7 96 96
157
0 158 158
1 159 161
2 161 161
3 165 165
4 173 174
5 189 190
6 221 221
7 29 29
69
0 70 70
1 71 71
2 73 73
3 77 79
4 85 87
5 101 101
6 133 133
7 197 199
125
0 126 127
1 127 127
2 129 129
3 133 133
4 141 141
5 157 157
6 189 190
7 253 253
254
0 255 0
1 0 0
2 2 2
3 6 6
4 14 14
5 30 30
6 62 62
7 126 127
238
0 239 239
1 240 241
2 242 242
3 246 246
4 254 254
5 14 14
6 46 46
7 110 111
145
0 146 146
1 147 147
2 149 149
3 153 153
4 161 161
5 177 179
6 209 209
7 17 17
89
0 90 90
1 91 92
2 93 94
3 97 97
4 105 105
5 121 121
6 153 153
7 217 217
141
0 142 142
1 143 143
2 145 145
3 149 149
4 157 157
5 173 174
6 205 205
7 13 13
26
0 27 27
1 28 29
2 30 30
3 34 34
4 42 42
5 58 59
6 90 90
7 154 154
199
0 200 201
1 201 201
2 203 205
3 207 207
4 215 215
5 231 231
6 7 7
7 71 71
232
0 233 233
1 234 234
2 236 236
3 240 241
4 248 249
5 8 8
6 40 40
7 104 105
42
0 43 43
1 44 45
2 46 46
3 50 50
4 58 59
5 74 74
6 106 106
7 170 170
92
0 93 94
1 94 94
2 96 96
3 100 100
4 108 109
5 124 124
6 156 156
7 220 220
205
0 206 206
1 207 207
2 209 209
3 213 215
4 221 221
5 237 238
6 13 13
7 77 79
65
0 66 67
1 67 67
2 69 69
3 73 73
4 81 82
5 97 97
6 129 129
7 193 194
53
0 54 54
1 55 56
2 57 57
3 61 61
4 69 69
5 85 87
6 117 119
7 181 182
12
0 13 13
1 14 14
2 16 17
3 20 21
4 28 29
5 44 45
6 76 76
7 140 141
175
0 176 176
1 177 179
2 179 179
3 183 185
4 191 192
5 207 207
6 239 239
7 47 47
133
0 134 136
1 135 136
2 137 137
3 141 141
4 149 149
5 165 165
6 197 199
7 5 5
249
0 250 250
1 251 251
2 253 253
3 1 1
4 9 9
5 25 25
6 57 57
7 121 121
62
0 63 65
1 64 65
2 66 67
3 70 70
4 78 79
5 94 94
6 126 127
7 190 190
221
0 222 222
1 223 224
2 225 225
3 229 229
4 237 238
5 253 253
6 29 29
7 93 94
147
0 148 149
1 149 149
2 151 151
3 155 155
4 163 164
5 179 179
6 211 212
7 19 21
29
0 30 30
1 31 34
2 33 34
3 37 37
4 45 45
5 61 61
6 93 94
7 157 157
101
0 102 102
1 103 105
2 105 105
3 109 109
4 117 119
5 133 133
6 165 165
7 229 229
241
0 242 242
1 243 244
2 245 245
3 249 249
4 1 1
5 17 17
6 49 50
7 113 114
188
0 189 190
1 190 190
2 192 192
3 196 196
4 204 205
5 220 220
6 252 252
7 60 61
137
0 138 138
1 139 141
2 141 141
3 145 145
4 153 153
5 169 170
6 201 201
7 9 9
30
0 31 34
1 32 34
2 34 34
3 38 38
4 46 46
5 62 62
6 94 94
7 158 158
34
0 35 35
1 36 36
2 38 38
3 42 42
4 50 50
5 66 67
6 98 98
7 162 162
149
0 150 150
1 151 151
2 153 153
3 157 157
4 165 165
5 181 182
6 213 215
7 21 21
43
0 44 45
1 45 45
2 47 47
3 51 51
4 59 59
5 75 76
6 107 109
7 171 171
54
0 55 56
1 56 56
2 58 59
3 62 62
4 70 70
5 86 87
6 118 119
7 182 182
38
0 39 40
1 40 40
2 42 42
3 46 46
4 54 54
5 70 70
6 102 102
7 166 166
182
0 183 185
1 184 185
2 186 186
3 190 190
4 198 199
5 214 215
6 246 246
7 54 54
142
0 143 143
1 144 144
2 146 146
3 150 150
4 158 158
5 174 174
6 206 206
7 14 14
45
0 46 46
1 47 47
2 49 50
3 53 53
4 61 61
5 77 79
6 109 109
7 173 174
47
0 48 48
1 49 50
2 51 51
3 55 56
4 63 65
5 79 79
6 111 111
7 175 175
136
0 137 137
1 138 138
2 140 141
3 144 144
4 152 152
5 168 168
6 200 201
7 8 8
96
0 97 97
1 98 98
2 100 100
3 104 105
4 112 114
5 128 128
6 160 161
7 224 224
22
0 23 25
1 24 25
2 26 26
3 30 30
4 38 38
5 54 54
6 86 87
7 150 150
174
0 175 175
1 176 176
2 178 179
3 182 182
4 190 190
5 206 206
6 238 238
7 46 46
253
0 254 254
1 255 0
2 1 1
3 5 5
4 13 13
5 29 29
6 61 61
7 125 125
130
0 131 132
1 132 132
2 134 136
3 138 138
4 146 146
5 162 162
6 194 194
7 2 2
186
0 187 187
1 188 188
2 190 190
3 194 194
4 202 205
5 218 218
6 250 250
7 58 59
247
0 248 249
1 249 249
2 251 251
3 255 0
4 7 7
5 23 25
6 55 56
7 119 119
194
0 195 195
1 196 196
2 198 199
3 202 205
4 210 210
5 226 227
6 2 2
7 66 67
8
0 9 9
1 10 10
2 12 12
3 16 17
4 24 25
5 40 40
6 72 73
7 136 136
190
0 191 192
1 192 192
2 194 194
3 198 199
4 206 206
5 222 222
6 254 254
7 62 62
234
0 235 235
1 236 236
2 238 238
3 242 242
4 250 250
5 10 10
6 42 42
7 106 106
122
0 123 123
1 124 124
2 126 127
3 130 130
4 138 138
5 154 154
6 186 186
7 250 250
250
0 251 251
1 252 252
2 254 254
3 2 2
4 10 10
5 26 26
6 58 59
7 122 122
217
0 218 218
1 219 219
2 221 221
3 225 225
4 233 233
5 249 249
6 25 25
7 89 89
242
0 243 244
1 244 244
2 246 246
3 250 250
4 2 2
5 18 18
6 50 50
7 114 114
109
0 110 111
1 111 111
2 113 114
3 117 119
4 125 125
5 141 141
6 173 174
7 237 238
17
0 18 18
1 19 21
2 21 21
3 25 25
4 33 34
5 49 50
6 81 82
7 145 145
215
0 216 217
1 217 217
2 219 219
3 223 224
4 231 231
5 247 247
6 23 25
7 87 87
17
0 18 18
1 19 21
2 21 21
3 25 25
4 33 34
5 49 50
6 81 82
7 145 145
71
0 72 73
1 73 73
2 75 76
3 79 79
4 87 87
5 103 105
6 135 136
7 199 199
42
0 43 43
1 44 45
2 46 46
3 50 50
4 58 59
5 74 74
6 106 106
7 170 170
215
0 216 217
1 217 217
2 219 219
3 223 224
4 231 231
5 247 247
6 23 25
7 87 87
109
0 110 111
1 111 111
2 113 114
3 117 119
4 125 125
5 141 141
6 173 174
7 237 238
229
0 230 230
1 231 231
2 233 233
3 237 238
4 245 245
5 5 5
6 37 37
7 101 101
59
0 60 61
1 61 61
2 63 65
3 67 67
4 75 76
5 91 92
6 123 123
7 187 187
212
0 213 215
1 214 215
2 216 217
3 220 220
4 228 228
5 244 244
6 20 21
7 84 84
73
0 74 74
1 75 76
2 77 79
3 81 82
4 89 89
5 105 105
6 137 137
7 201 201
98
0 99 99
1 100 100
2 102 102
3 106 106
4 114 114
5 130 130
6 162 162
7 226 227
111
0 112 114
1 113 114
2 115 115
3 119 119
4 127 127
5 143 143
6 175 175
7 239 239
87
0 88 88
1 89 89
2 91 92
3 95 95
4 103 105
5 119 119
6 151 151
7 215 215
156
0 157 157
1 158 158
2 160 161
3 164 164
4 172 172
5 188 188
6 220 220
7 28 29
165
0 166 166
1 167 168
2 169 170
3 173 174
4 181 182
5 197 199
6 229 229
7 37 37
180
0 181 182
1 182 182
2 184 185
3 188 188
4 196 196
5 212 212
6 244 244
7 52 53
25
0 26 26
1 27 27
2 29 29
3 33 34
4 41 42
5 57 57
6 89 89
7 153 153
249
0 250 250
1 251 251
2 253 253
3 1 1
4 9 9
5 25 25
6 57 57
7 121 121
251
0 252 252
1 253 253
2 255 0
3 3 3
4 11 11
5 27 27
6 59 59
7 123 123
195
0 196 196
1 197 199
2 199 199
3 203 205
4 211 212
5 227 227
6 3 3
7 67 67
111
0 112 114
1 113 114
2 115 115
3 119 119
4 127 127
5 143 143
6 175 175
7 239 239
192
0 193 194
1 194 194
2 196 196
3 200 201
4 208 208
5 224 224
6 0 0
7 64 65
155
0 156 156
1 157 157
2 159 161
3 163 164
4 171 171
5 187 187
6 219 219
7 27 27
73
0 74 74
1 75 76
2 77 79
3 81 82
4 89 89
5 105 105
6 137 137
7 201 201
53
0 54 54
1 55 56
2 57 57
3 61 61
4 69 69
5 85 87
6 117 119
7 181 182
127
0 128 128
1 129 129
2 131 132
3 135 136
4 143 143
5 159 161
6 191 192
7 255 0
199
0 200 201
1 201 201
2 203 205
3 207 207
4 215 215
5 231 231
6 7 7
7 71 71
121
0 122 122
1 123 123
2 125 125
3 129 129
4 137 137
5 153 153
6 185 185
7 249 249
88
0 89 89
1 90 90
2 92 92
3 96 96
4 104 105
5 120 120
6 152 152
7 216 217
83
0 84 84
1 85 87
2 87 87
3 91 92
4 99 99
5 115 115
6 147 147
7 211 212
5
0 6 6
1 7 7
2 9 9
3 13 13
4 21 21
5 37 37
6 69 69
7 133 133
201
0 202 205
1 203 205
2 205 205
3 209 209
4 217 217
5 233 233
6 9 9
7 73 73
29
0 30 30
1 31 34
2 33 34
3 37 37
4 45 45
5 61 61
6 93 94
7 157 157
56
0 57 57
1 58 59
2 60 61
3 64 65
4 72 73
5 88 88
6 120 120
7 184 185
48
0 49 50
1 50 50
2 52 53
3 56 56
4 64 65
5 80 80
6 112 114
7 176 176
50
0 51 51
1 52 53
2 54 54
3 58 59
4 66 67
5 82 82
6 114 114
7 178 179
5
0 6 6
1 7 7
2 9 9
3 13 13
4 21 21
5 37 37
6 69 69
7 133 133
239
0 240 241
1 241 241
2 243 244
3 247 247
4 255 0
5 15 17
6 47 47
7 111 111
57
0 58 59
1 59 59
2 61 61
3 65 65
4 73 73
5 89 89
6 121 121
7 185 185
67
0 68 69
1 69 69
2 71 71
3 75 76
4 83 83
5 99 99
6 131 132
7 195 195
182
0 183 185
1 184 185
2 186 186
3 190 190
4 198 199
5 214 215
6 246 246
7 54 54
18
0 19 21
1 20 21
2 22 22
3 26 26
4 34 34
5 50 50
6 82 82
7 146 146
94
0 95 95
1 96 96
2 98 98
3 102 102
4 110 111
5 126 127
6 158 158
7 222 222
128
0 129 129
1 130 130
2 132 132
3 136 136
4 144 144
5 160 161
6 192 192
7 0 0
0
0 1 1
1 2 2
2 4 5
3 8 8
4 16 17
5 32 34
6 64 65
7 128 128
143
0 144 144
1 145 145
2 147 147
3 151 151
4 159 161
5 175 175
6 207 207
7 15 17
94
0 95 95
1 96 96
2 98 98
3 102 102
4 110 111
5 126 127
6 158 158
7 222 222
227
0 228 228
1 229 229
2 231 231
3 235 235
4 243 244
5 3 3
6 35 35
7 99 99
34
0 35 35
1 36 36
2 38 38
3 42 42
4 50 50
5 66 67
6 98 98
7 162 162
212
0 213 215
1 214 215
2 216 217
3 220 220
4 228 228
5 244 244
6 20 21
7 84 84
119
0 120 120
1 121 121
2 123 123
3 127 127
4 135 136
5 151 151
6 183 185
7 247 247
105
0 106 106
1 107 109
2 109 109
3 113 114
4 121 121
5 137 137
6 169 170
7 233 233
37
0 38 38
1 39 40
2 41 42
3 45 45
4 53 53
5 69 69
6 101 101
7 165 165
65
0 66 67
1 67 67
2 69 69
3 73 73
4 81 82
5 97 97
6 129 129
7 193 194
235
0 236 236
1 237 238
2 239 239
3 243 244
4 251 251
5 11 11
6 43 43
7 107 109
154
0 155 155
1 156 156
2 158 158
3 162 162
4 170 170
5 186 186
6 218 218
7 26 26
222
0 223 224
1 224 224
2 226 227
3 230 230
4 238 238
5 254 254
6 30 30
7 94 94
34
0 35 35
1 36 36
2 38 38
3 42 42
4 50 50
5 66 67
6 98 98
7 162 162
61
0 62 62
1 63 65
2 65 65
3 69 69
4 77 79
5 93 94
6 125 125
7 189 190
129
0 130 130
1 131 132
2 133 133
3 137 137
4 145 145
5 161 161
6 193 194
7 1 1
146
0 147 147
1 148 149
2 150 150
3 154 154
4 162 162
5 178 179
6 210 210
7 18 18
187
0 188 188
1 189 190
2 191 192
3 195 195
4 203 205
5 219 219
6 251 251
7 59 59
161
0 162 162
1 163 164
2 165 165
3 169 170
4 177 179
5 193 194
6 225 225
7 33 34
106
0 107 109
1 108 109
2 110 111
3 114 114
4 122 122
5 138 138
6 170 170
7 234 234
114
0 115 115
1 116 116
2 118 119
3 122 122
4 130 130
5 146 146
6 178 179
7 242 242
115
0 116 116
1 117 119
2 119 119
3 123 123
4 131 132
5 147 147
6 179 179
7 243 244
206
0 207 207
1 208 208
2 210 210
3 214 215
4 222 222
5 238 238
6 14 14
7 78 79
127
0 128 128
1 129 129
2 131 132
3 135 136
4 143 143
5 159 161
6 191 192
7 255 0
25
0 26 26
1 27 27
2 29 29
3 33 34
4 41 42
5 57 57
6 89 89
7 153 153
79
0 80 80
1 81 82
2 83 83
3 87 87
4 95 95
5 111 111
6 143 143
7 207 207
61
0 62 62
1 63 65
2 65 65
3 69 69
4 77 79
5 93 94
6 125 125
7 189 190
252
0 253 253
1 254 254
2 0 0
3 4 5
4 12 12
5 28 29
6 60 61
7 124 124
21
0 22 22
1 23 25
2 25 25
3 29 29
4 37 37
5 53 53
6 85 87
7 149 149
123
0 124 124
1 125 125
2 127 127
3 131 132
4 139 141
5 155 155
6 187 187
7 251 251
179
0 180 180
1 181 182
2 183 185
3 187 187
4 195 195
5 211 212
6 243 244
7 51 51
138
0 139 141
1 140 141
2 142 142
3 146 146
4 154 154
5 170 170
6 202 205
7 10 10
100
0 101 101
1 102 102
2 104 105
3 108 109
4 116 116
5 132 132
6 164 164
7 228 228
209
0 210 210
1 211 212
2 213 215
3 217 217
4 225 225
5 241 241
6 17 17
7 81 82
244
0 245 245
1 246 246
2 248 249
3 252 252
4 4 5
5 20 21
6 52 53
7 116 116
153
0 154 154
1 155 155
2 157 157
3 161 161
4 169 170
5 185 185
6 217 217
7 25 25
82
0 83 83
1 84 84
2 86 87
3 90 90
4 98 98
5 114 114
6 146 146
7 210 210
132
0 133 133
1 134 136
2 136 136
3 140 141
4 148 149
5 164 164
6 196 196
7 4 5
228
0 229 229
1 230 230
2 232 232
3 236 236
4 244 244
5 4 5
6 36 36
7 100 100
179
0 180 180
1 181 182
2 183 185
3 187 187
4 195 195
5 211 212
6 243 244
7 51 51
99
0 100 100
1 101 101
2 103 105
3 107 109
4 115 115
5 131 132
6 163 164
7 227 227
166
0 167 168
1 168 168
2 170 170
3 174 174
4 182 182
5 198 199
6 230 230
7 38 38
82
0 83 83
1 84 84
2 86 87
3 90 90
4 98 98
5 114 114
6 146 146
7 210 210
227
0 228 228
1 229 229
2 231 231
3 235 235
4 243 244
5 3 3
6 35 35
7 99 99
9
0 10 10
1 11 11
2 13 13
3 17 17
4 25 25
5 41 42
6 73 73
7 137 137
97
0 98 98
1 99 99
2 101 101
3 105 105
4 113 114
5 129 129
6 161 161
7 225 225
56
0 57 57
1 58 59
2 60 61
3 64 65
4 72 73
5 88 88
6 120 120
7 184 185
205
0 206 206
1 207 207
2 209 209
3 213 215
4 221 221
5 237 238
6 13 13
7 77 79
87
0 88 88
1 89 89
2 91 92
3 95 95
4 103 105
5 119 119
6 151 151
7 215 215
150
0 151 151
1 152 152
2 154 154
3 158 158
4 166 166
5 182 182
6 214 215
7 22 22
230
0 231 231
1 232 232
2 234 234
3 238 238
4 246 246
5 6 6
6 38 38
7 102 102
225
0 226 227
1 227 227
2 229 229
3 233 233
4 241 241
5 1 1
6 33 34
7 97 97
17
0 18 18
1 19 21
2 21 21
3 25 25
4 33 34
5 49 50
6 81 82
7 145 145
65
0 66 67
1 67 67
2 69 69
3 73 73
4 81 82
5 97 97
6 129 129
7 193 194
164
0 165 165
1 166 166
2 168 168
3 172 172
4 180 180
5 196 196
6 228 228
7 36 36
244
0 245 245
1 246 246
2 248 249
3 252 252
4 4 5
5 20 21
6 52 53
7 116 116
224
0 225 225
1 226 227
2 228 228
3 232 232
4 240 241
5 0 0
6 32 34
7 96 96
152
0 153 153
1 154 154
2 156 156
3 160 161
4 168 168
5 184 185
6 216 217
7 24 25
40
0 41 42
1 42 42
2 44 45
3 48 48
4 56 56
5 72 73
6 104 105
7 168 168
13
0 14 14
1 15 17
2 17 17
3 21 21
4 29 29
5 45 45
6 77 79
7 141 141
34
0 35 35
1 36 36
2 38 38
3 42 42
4 50 50
5 66 67
6 98 98
7 162 162
179
0 180 180
1 181 182
2 183 185
3 187 187
4 195 195
5 211 212
6 243 244
7 51 51
168
0 169 170
1 170 170
2 172 172
3 176 176
4 184 185
5 200 201
6 232 232
7 40 40
219
0 220 220
1 221 221
2 223 224
3 227 227
4 235 235
5 251 251
6 27 27
7 91 92
59
0 60 61
1 61 61
2 63 65
3 67 67
4 75 76
5 91 92
6 123 123
7 187 187
176
0 177 179
1 178 179
2 180 180
3 184 185
4 192 192
5 208 208
6 240 241
7 48 48
109
0 110 111
1 111 111
2 113 114
3 117 119
4 125 125
5 141 141
6 173 174
7 237 238
215
0 216 217
1 217 217
2 219 219
3 223 224
4 231 231
5 247 247
6 23 25
7 87 87
84
0 85 87
1 86 87
2 88 88
3 92 92
4 100 100
5 116 116
6 148 149
7 212 212
35
0 36 36
1 37 37
2 39 40
3 43 43
4 51 51
5 67 67
6 99 99
7 163 164
192
0 193 194
1 194 194
2 196 196
3 200 201
4 208 208
5 224 224
6 0 0
7 64 65
1
0 2 2
1 3 3
2 5 5
3 9 9
4 17 17
5 33 34
6 65 65
7 129 129
