381
0 382 382
1 383 383
2 385 386
3 389 392
4 397 400
5 413 419
6 445 446
7 509 0
8 125 126
430
0 431 432
1 432 432
2 434 435
3 438 439
4 446 446
5 462 464
6 494 496
7 46 49
8 174 174
505
0 506 506
1 507 0
2 509 0
3 1 1
4 9 12
5 25 26
6 57 60
7 121 123
8 249 250
102
0 103 107
1 104 107
2 106 107
3 110 112
4 118 120
5 134 134
6 166 170
7 230 232
8 358 358
60
0 61 64
1 62 64
2 64 64
3 68 69
4 76 78
5 92 92
6 124 126
7 188 190
8 316 319
273
0 274 274
1 275 275
2 277 281
3 281 281
4 289 292
5 305 305
6 337 337
7 401 401
8 17 19
237
0 238 240
1 239 240
2 241 248
3 245 248
4 253 257
5 269 269
6 301 303
7 365 370
8 493 496
419
0 420 420
1 421 421
2 423 425
3 427 428
4 435 435
5 451 451
6 483 486
7 35 35
8 163 163
162
0 163 163
1 164 170
2 166 170
3 170 170
4 178 181
5 194 196
6 226 226
7 290 292
8 418 419
192
0 193 193
1 194 196
2 196 196
3 200 221
4 208 221
5 224 224
6 256 257
7 320 320
8 448 451
86
0 87 90
1 88 90
2 90 90
3 94 98
4 102 102
5 118 120
6 150 150
7 214 221
8 342 344
56
0 57 60
1 58 60
2 60 60
3 64 64
4 72 74
5 88 90
6 120 120
7 184 185
8 312 314
19
0 20 26
1 21 26
2 23 26
3 27 27
4 35 35
5 51 52
6 83 83
7 147 150
8 275 275
192
0 193 193
1 194 196
2 196 196
3 200 221
4 208 221
5 224 224
6 256 257
7 320 320
8 448 451
52
0 53 54
1 54 54
2 56 56
3 60 60
4 68 69
5 84 85
6 116 117
7 180 181
8 308 309
248
0 249 250
1 250 250
2 252 257
3 256 257
4 264 266
5 280 281
6 312 314
7 376 377
8 504 505
99
0 100 100
1 101 102
2 103 107
3 107 107
4 115 117
5 131 131
6 163 163
7 227 228
8 355 355
138
0 139 146
1 140 146
2 142 146
3 146 146
4 154 155
5 170 170
6 202 221
7 266 266
8 394 395
486
0 487 489
1 488 489
2 490 490
3 494 496
4 502 505
5 6 6
6 38 38
7 102 102
8 230 232
107
0 108 108
1 109 112
2 111 112
3 115 117
4 123 123
5 139 146
6 171 172
7 235 237
8 363 370
80
0 81 83
1 82 83
2 84 85
3 88 90
4 96 98
5 112 112
6 144 146
7 208 221
8 336 336
281
0 282 284
1 283 284
2 285 286
3 289 292
4 297 298
5 313 314
6 345 351
7 409 419
8 25 26
298
0 299 300
1 300 300
2 302 303
3 306 306
4 314 314
5 330 331
6 362 362
7 426 428
8 42 49
486
0 487 489
1 488 489
2 490 490
3 494 496
4 502 505
5 6 6
6 38 38
7 102 102
8 230 232
248
0 249 250
1 250 250
2 252 257
3 256 257
4 264 266
5 280 281
6 312 314
7 376 377
8 504 505
198
0 199 221
1 200 221
2 202 221
3 206 221
4 214 221
5 230 232
6 262 266
7 326 327
8 454 455
337
0 338 338
1 339 344
2 341 344
3 345 351
4 353 355
5 369 370
6 401 401
7 465 469
8 81 83
439
0 440 440
1 441 441
2 443 446
3 447 447
4 455 455
5 471 478
6 503 505
7 55 56
8 183 183
123
0 124 126
1 125 126
2 127 129
3 131 131
4 139 146
5 155 155
6 187 187
7 251 257
8 379 381
478
0 479 486
1 480 486
2 482 486
3 486 486
4 494 496
5 510 0
6 30 32
7 94 98
8 222 222
404
0 405 407
1 406 407
2 408 419
3 412 419
4 420 420
5 436 436
6 468 469
7 20 26
8 148 150
170
0 171 172
1 172 172
2 174 174
3 178 181
4 186 187
5 202 221
6 234 237
7 298 298
8 426 428
181
0 182 183
1 183 183
2 185 185
3 189 190
4 197 198
5 213 221
6 245 248
7 309 309
8 437 439
193
0 194 196
1 195 196
2 197 198
3 201 221
4 209 221
5 225 226
6 257 257
7 321 323
8 449 451
266
0 267 269
1 268 269
2 270 270
3 274 274
4 282 284
5 298 298
6 330 331
7 394 395
8 10 12
