6
0 7 7
1 8 8
2 10 10
3 14 14
4 22 23
28
0 29 29
1 30 30
2 0 0
3 4 4
4 12 12
12
0 13 14
1 14 14
2 16 18
3 20 20
4 28 28
30
0 31 0
1 0 0
2 2 2
3 6 6
4 14 14
8
0 9 9
1 10 10
2 12 12
3 16 18
4 24 24
23
0 24 24
1 25 25
2 27 27
3 31 0
4 7 7
7
0 8 8
1 9 9
2 11 11
3 15 15
4 23 23
18
0 19 19
1 20 20
2 22 23
3 26 26
4 2 2
2
0 3 3
1 4 4
2 6 6
3 10 10
4 18 18
26
0 27 27
1 28 28
2 30 30
3 2 2
4 10 10
14
0 15 15
1 16 18
2 18 18
3 22 23
4 30 30
10
0 11 11
1 12 12
2 14 14
3 18 18
4 26 26
15
0 16 18
1 17 18
2 19 19
3 23 23
4 31 0
1
0 2 2
1 3 3
2 5 6
3 9 9
4 17 18
23
0 24 24
1 25 25
2 27 27
3 31 0
4 7 7
6
0 7 7
1 8 8
2 10 10
3 14 14
4 22 23
18
0 19 19
1 20 20
2 22 23
3 26 26
4 2 2
9
0 10 10
1 11 11
2 13 14
3 17 18
4 25 25
29
0 30 30
1 31 0
2 1 1
3 5 6
4 13 14
11
0 12 12
1 13 14
2 15 15
3 19 19
4 27 27
0
0 1 1
1 2 2
2 4 4
3 8 8
4 16 18
23
0 24 24
1 25 25
2 27 27
3 31 0
4 7 7
24
0 25 25
1 26 26
2 28 28
3 0 0
4 8 8
3
0 4 4
1 5 6
2 7 7
3 11 11
4 19 19
27
0 28 28
1 29 29
2 31 0
3 3 3
4 11 11
20
0 21 23
1 22 23
2 24 24
3 28 28
4 4 4
19
0 20 20
1 21 23
2 23 23
3 27 27
4 3 3
4
0 5 6
1 6 6
2 8 8
3 12 12
4 20 20
14
0 15 15
1 16 18
2 18 18
3 22 23
4 30 30
18
0 19 19
1 20 20
2 22 23
3 26 26
4 2 2
