69
0 70 73
1 71 73
2 73 73
3 77 78
4 85 85
5 101 104
6 5 6
117
0 118 119
1 119 119
2 121 122
3 125 125
4 5 6
5 21 22
6 53 53
36
0 37 38
1 38 38
2 40 40
3 44 48
4 52 53
5 68 68
6 100 104
88
0 89 89
1 90 90
2 92 92
3 96 96
4 104 104
5 120 120
6 24 25
104
0 105 105
1 106 112
2 108 112
3 112 112
4 120 120
5 8 11
6 40 40
29
0 30 30
1 31 31
2 33 33
3 37 38
4 45 48
5 61 63
6 93 93
68
0 69 69
1 70 73
2 72 73
3 76 78
4 84 85
5 100 104
6 4 6
99
0 100 104
1 101 104
2 103 104
3 107 112
4 115 116
5 3 6
6 35 36
11
0 12 12
1 13 15
2 15 15
3 19 19
4 27 27
5 43 43
6 75 75
81
0 82 82
1 83 85
2 85 85
3 89 89
4 97 99
5 113 116
6 17 17
112
0 113 116
1 114 116
2 116 116
3 120 120
4 0 2
5 16 17
6 48 48
112
0 113 116
1 114 116
2 116 116
3 120 120
4 0 2
5 16 17
6 48 48
20
0 21 22
1 22 22
2 24 25
3 28 29
4 36 36
5 52 53
6 84 85
95
0 96 96
1 97 99
2 99 99
3 103 104
4 111 112
5 127 2
6 31 31
50
0 51 51
1 52 53
2 54 57
3 58 59
4 66 66
5 82 82
6 114 116
40
0 41 41
1 42 43
2 44 48
3 48 48
4 56 57
5 72 73
6 104 104
73
0 74 74
1 75 75
2 77 78
3 81 81
4 89 89
5 105 105
6 9 11
125
0 126 2
1 127 2
2 1 2
3 5 6
4 13 15
5 29 29
6 61 63
92
0 93 93
1 94 95
2 96 96
3 100 104
4 108 112
5 124 125
6 28 29
31
0 32 32
1 33 33
2 35 36
3 39 40
4 47 48
5 63 63
6 95 95
7
0 8 11
1 9 11
2 11 11
3 15 15
4 23 23
5 39 40
6 71 73
78
0 79 79
1 80 81
2 82 82
3 86 87
4 94 95
5 110 112
6 14 15
2
0 3 6
1 4 6
2 6 6
3 10 11
4 18 19
5 34 36
6 66 66
17
0 18 19
1 19 19
2 21 22
3 25 25
4 33 33
5 49 50
6 81 81
57
0 58 59
1 59 59
2 61 63
3 65 66
4 73 73
5 89 89
6 121 122
57
0 58 59
1 59 59
2 61 63
3 65 66
4 73 73
5 89 89
6 121 122
40
0 41 41
1 42 43
2 44 48
3 48 48
4 56 57
5 72 73
6 104 104
112
0 113 116
1 114 116
2 116 116
3 120 120
4 0 2
5 16 17
6 48 48
15
0 16 17
1 17 17
2 19 19
3 23 23
4 31 31
5 47 48
6 79 79
104
0 105 105
1 106 112
2 108 112
3 112 112
4 120 120
5 8 11
6 40 40
38
0 39 40
1 40 40
2 42 43
3 46 48
4 54 57
5 70 73
6 102 104
19
0 20 20
1 21 22
2 23 23
3 27 27
4 35 36
5 51 51
6 83 85
2
0 3 6
1 4 6
2 6 6
3 10 11
4 18 19
5 34 36
6 66 66
82
0 83 85
1 84 85
2 86 87
3 90 90
4 98 99
5 114 116
6 18 19
125
0 126 2
1 127 2
2 1 2
3 5 6
4 13 15
5 29 29
6 61 63
6
0 7 7
1 8 11
2 10 11
3 14 15
4 22 22
5 38 38
6 70 73
95
0 96 96
1 97 99
2 99 99
3 103 104
4 111 112
5 127 2
6 31 31
99
0 100 104
1 101 104
2 103 104
3 107 112
4 115 116
5 3 6
6 35 36
19
0 20 20
1 21 22
2 23 23
3 27 27
4 35 36
5 51 51
6 83 85
75
0 76 78
1 77 78
2 79 79
3 83 85
4 91 91
5 107 112
6 11 11
36
0 37 38
1 38 38
2 40 40
3 44 48
4 52 53
5 68 68
6 100 104
32
0 33 33
1 34 36
2 36 36
3 40 40
4 48 48
5 64 66
6 96 96
57
0 58 59
1 59 59
2 61 63
3 65 66
4 73 73
5 89 89
6 121 122
2
0 3 6
1 4 6
2 6 6
3 10 11
4 18 19
5 34 36
6 66 66
104
0 105 105
1 106 112
2 108 112
3 112 112
4 120 120
5 8 11
6 40 40
22
0 23 23
1 24 25
2 26 27
3 30 30
4 38 38
5 54 57
6 86 87
2
0 3 6
1 4 6
2 6 6
3 10 11
4 18 19
5 34 36
6 66 66
6
0 7 7
1 8 11
2 10 11
3 14 15
4 22 22
5 38 38
6 70 73
51
0 52 53
1 53 53
2 55 57
3 59 59
4 67 67
5 83 85
6 115 116
112
0 113 116
1 114 116
2 116 116
3 120 120
4 0 2
5 16 17
6 48 48
22
0 23 23
1 24 25
2 26 27
3 30 30
4 38 38
5 54 57
6 86 87
60
0 61 63
1 62 63
2 64 66
3 68 68
4 76 78
5 92 92
6 124 125
122
0 123 123
1 124 125
2 126 2
3 2 2
4 10 11
5 26 27
6 58 59
99
0 100 104
1 101 104
2 103 104
3 107 112
4 115 116
5 3 6
6 35 36
15
0 16 17
1 17 17
2 19 19
3 23 23
4 31 31
5 47 48
6 79 79
112
0 113 116
1 114 116
2 116 116
3 120 120
4 0 2
5 16 17
6 48 48
116
0 117 117
1 118 119
2 120 120
3 124 125
4 4 6
5 20 20
6 52 53
78
0 79 79
1 80 81
2 82 82
3 86 87
4 94 95
5 110 112
6 14 15
41
0 42 43
1 43 43
2 45 48
3 49 50
4 57 57
5 73 73
6 105 105
85
0 86 87
1 87 87
2 89 89
3 93 93
4 101 104
5 117 117
6 21 22
74
0 75 75
1 76 78
2 78 78
3 82 82
4 90 90
5 106 112
6 10 11
85
0 86 87
1 87 87
2 89 89
3 93 93
4 101 104
5 117 117
6 21 22
120
0 121 122
1 122 122
2 124 125
3 0 2
4 8 11
5 24 25
6 56 57
105
0 106 112
1 107 112
2 109 112
3 113 116
4 121 122
5 9 11
6 41 41
36
0 37 38
1 38 38
2 40 40
3 44 48
4 52 53
5 68 68
6 100 104
91
0 92 92
1 93 93
2 95 95
3 99 99
4 107 112
5 123 123
6 27 27
30
0 31 31
1 32 32
2 34 36
3 38 38
4 46 48
5 62 63
6 94 95
48
0 49 50
1 50 50
2 52 53
3 56 57
4 64 66
5 80 81
6 112 112
104
0 105 105
1 106 112
2 108 112
3 112 112
4 120 120
5 8 11
6 40 40
53
0 54 57
1 55 57
2 57 57
3 61 63
4 69 69
5 85 85
6 117 117
12
0 13 15
1 14 15
2 16 17
3 20 20
4 28 29
5 44 48
6 76 78
38
0 39 40
1 40 40
2 42 43
3 46 48
4 54 57
5 70 73
6 102 104
112
0 113 116
1 114 116
2 116 116
3 120 120
4 0 2
5 16 17
6 48 48
122
0 123 123
1 124 125
2 126 2
3 2 2
4 10 11
5 26 27
6 58 59
6
0 7 7
1 8 11
2 10 11
3 14 15
4 22 22
5 38 38
6 70 73
123
0 124 125
1 125 125
2 127 2
3 3 6
4 11 11
5 27 27
6 59 59
