98
0 99 99
1 100 100
2 102 102
3 106 106
4 114 114
5 2 2
6 34 35
62
0 63 63
1 64 64
2 66 66
3 70 70
4 78 78
5 94 96
6 126 126
52
0 53 53
1 54 54
2 56 56
3 60 60
4 68 68
5 84 84
6 116 116
89
0 90 93
1 91 93
2 93 93
3 97 97
4 105 106
5 121 121
6 25 25
66
0 67 67
1 68 68
2 70 70
3 74 76
4 82 83
5 98 98
6 2 2
111
0 112 112
1 113 114
2 115 116
3 119 119
4 127 0
5 15 15
6 47 47
83
0 84 84
1 85 85
2 87 87
3 91 93
4 99 99
5 115 116
6 19 19
8
0 9 10
1 10 10
2 12 12
3 16 16
4 24 24
5 40 40
6 72 72
59
0 60 60
1 61 62
2 63 63
3 67 67
4 75 76
5 91 93
6 123 123
6
0 7 7
1 8 8
2 10 10
3 14 14
4 22 22
5 38 38
6 70 70
19
0 20 20
1 21 22
2 23 24
3 27 27
4 35 35
5 51 51
6 83 83
96
0 97 97
1 98 98
2 100 100
3 104 104
4 112 112
5 0 0
6 32 32
76
0 77 77
1 78 78
2 80 81
3 84 84
4 92 93
5 108 108
6 12 12
79
0 80 81
1 81 81
2 83 83
3 87 87
4 95 96
5 111 111
6 15 15
122
0 123 123
1 124 126
2 126 126
3 2 2
4 10 10
5 26 27
6 58 58
119
0 120 120
1 121 121
2 123 123
3 127 0
4 7 7
5 23 24
6 55 56
78
0 79 79
1 80 81
2 82 83
3 86 87
4 94 96
5 110 111
6 14 14
106
0 107 107
1 108 108
2 110 111
3 114 114
4 122 122
5 10 10
6 42 43
28
0 29 31
1 30 31
2 32 32
3 36 38
4 44 44
5 60 60
6 92 93
33
0 34 35
1 35 35
2 37 38
3 41 41
4 49 49
5 65 66
6 97 97
103
0 104 104
1 105 106
2 107 107
3 111 111
4 119 119
5 7 7
6 39 39
16
0 17 17
1 18 19
2 20 20
3 24 24
4 32 32
5 48 48
6 80 81
81
0 82 83
1 83 83
2 85 85
3 89 89
4 97 97
5 113 114
6 17 17
87
0 88 89
1 89 89
2 91 93
3 95 96
4 103 103
5 119 119
6 23 24
93
0 94 96
1 95 96
2 97 97
3 101 102
4 109 109
5 125 126
6 29 31
22
0 23 24
1 24 24
2 26 27
3 30 31
4 38 38
5 54 54
6 86 87
25
0 26 27
1 27 27
2 29 31
3 33 33
4 41 41
5 57 57
6 89 89
40
0 41 41
1 42 43
2 44 44
3 48 48
4 56 56
5 72 72
6 104 104
35
0 36 38
1 37 38
2 39 39
3 43 43
4 51 51
5 67 67
6 99 99
93
0 94 96
1 95 96
2 97 97
3 101 102
4 109 109
5 125 126
6 29 31
69
0 70 70
1 71 71
2 73 76
3 77 77
4 85 85
5 101 102
6 5 6
45
0 46 46
1 47 47
2 49 49
3 53 53
4 61 62
5 77 77
6 109 109
31
0 32 32
1 33 33
2 35 35
3 39 39
4 47 47
5 63 63
6 95 96
0
0 1 1
1 2 2
2 4 6
3 8 8
4 16 16
5 32 32
6 64 64
68
0 69 69
1 70 70
2 72 72
3 76 76
4 84 84
5 100 100
6 4 6
64
0 65 66
1 66 66
2 68 68
3 72 72
4 80 81
5 96 96
6 0 0
14
0 15 15
1 16 16
2 18 19
3 22 22
4 30 31
5 46 46
6 78 78
24
0 25 25
1 26 27
2 28 28
3 32 32
4 40 40
5 56 56
6 88 89
106
0 107 107
1 108 108
2 110 111
3 114 114
4 122 122
5 10 10
6 42 43
49
0 50 51
1 51 51
2 53 53
3 57 57
4 65 66
5 81 81
6 113 114
109
0 110 111
1 111 111
2 113 114
3 117 118
4 125 126
5 13 14
6 45 45
27
0 28 28
1 29 31
2 31 31
3 35 35
4 43 43
5 59 59
6 91 93
84
0 85 85
1 86 87
2 88 89
3 92 93
4 100 100
5 116 116
6 20 20
31
0 32 32
1 33 33
2 35 35
3 39 39
4 47 47
5 63 63
6 95 96
53
0 54 54
1 55 56
2 57 57
3 61 62
4 69 69
5 85 85
6 117 118
85
0 86 87
1 87 87
2 89 89
3 93 93
4 101 102
5 117 118
6 21 22
96
0 97 97
1 98 98
2 100 100
3 104 104
4 112 112
5 0 0
6 32 32
11
0 12 12
1 13 14
2 15 15
3 19 19
4 27 27
5 43 43
6 75 76
44
0 45 45
1 46 46
2 48 48
3 52 52
4 60 60
5 76 76
6 108 108
27
0 28 28
1 29 31
2 31 31
3 35 35
4 43 43
5 59 59
6 91 93
22
0 23 24
1 24 24
2 26 27
3 30 31
4 38 38
5 54 54
6 86 87
76
0 77 77
1 78 78
2 80 81
3 84 84
4 92 93
5 108 108
6 12 12
24
0 25 25
1 26 27
2 28 28
3 32 32
4 40 40
5 56 56
6 88 89
43
0 44 44
1 45 45
2 47 47
3 51 51
4 59 59
5 75 76
6 107 107
56
0 57 57
1 58 58
2 60 60
3 64 64
4 72 72
5 88 89
6 120 120
32
0 33 33
1 34 35
2 36 38
3 40 40
4 48 48
5 64 64
6 96 96
17
0 18 19
1 19 19
2 21 22
3 25 25
4 33 33
5 49 49
6 81 81
118
0 119 119
1 120 120
2 122 122
3 126 126
4 6 6
5 22 22
6 54 54
114
0 115 116
1 116 116
2 118 118
3 122 122
4 2 2
5 18 19
6 50 51
41
0 42 43
1 43 43
2 45 45
3 49 49
4 57 57
5 73 76
6 105 106
121
0 122 122
1 123 123
2 125 126
3 1 1
4 9 10
5 25 25
6 57 57
126
0 127 0
1 0 0
2 2 2
3 6 6
4 14 14
5 30 31
6 62 62
70
0 71 71
1 72 72
2 74 76
3 78 78
4 86 87
5 102 102
6 6 6
38
0 39 39
1 40 40
2 42 43
3 46 46
4 54 54
5 70 70
6 102 102
43
0 44 44
1 45 45
2 47 47
3 51 51
4 59 59
5 75 76
6 107 107
93
0 94 96
1 95 96
2 97 97
3 101 102
4 109 109
5 125 126
6 29 31
63
0 64 64
1 65 66
2 67 67
3 71 71
4 79 79
5 95 96
6 127 0
112
0 113 114
1 114 114
2 116 116
3 120 120
4 0 0
5 16 16
6 48 48
76
0 77 77
1 78 78
2 80 81
3 84 84
4 92 93
5 108 108
6 12 12
83
0 84 84
1 85 85
2 87 87
3 91 93
4 99 99
5 115 116
6 19 19
51
0 52 52
1 53 53
2 55 56
3 59 59
4 67 67
5 83 83
6 115 116
111
0 112 112
1 113 114
2 115 116
3 119 119
4 127 0
5 15 15
6 47 47
56
0 57 57
1 58 58
2 60 60
3 64 64
4 72 72
5 88 89
6 120 120
93
0 94 96
1 95 96
2 97 97
3 101 102
4 109 109
5 125 126
6 29 31
3
0 4 6
1 5 6
2 7 7
3 11 11
4 19 19
5 35 35
6 67 67
2
0 3 3
1 4 6
2 6 6
3 10 10
4 18 19
5 34 35
6 66 66
118
0 119 119
1 120 120
2 122 122
3 126 126
4 6 6
5 22 22
6 54 54
58
0 59 59
1 60 60
2 62 62
3 66 66
4 74 76
5 90 93
6 122 122
