10
0 11 12
1 12 12
2 14 14
3 18 18
4 26 26
0
0 1 3
1 2 3
2 4 6
3 8 9
4 16 16
29
0 30 30
1 31 0
2 1 3
3 5 6
4 13 13
20
0 21 21
1 22 22
2 24 24
3 28 28
4 4 6
16
0 17 17
1 18 18
2 20 20
3 24 24
4 0 0
22
0 23 23
1 24 24
2 26 26
3 30 30
4 6 6
15
0 16 16
1 17 17
2 19 19
3 23 23
4 31 0
12
0 13 13
1 14 14
2 16 16
3 20 20
4 28 28
26
0 27 27
1 28 28
2 30 30
3 2 3
4 10 10
24
0 25 26
1 26 26
2 28 28
3 0 0
4 8 9
9
0 10 10
1 11 12
2 13 13
3 17 17
4 25 26
3
0 4 6
1 5 6
2 7 9
3 11 12
4 19 19
9
0 10 10
1 11 12
2 13 13
3 17 17
4 25 26
23
0 24 24
1 25 26
2 27 27
3 31 0
4 7 9
3
0 4 6
1 5 6
2 7 9
3 11 12
4 19 19
6
0 7 9
1 8 9
2 10 10
3 14 14
4 22 22
6
0 7 9
1 8 9
2 10 10
3 14 14
4 22 22
9
0 10 10
1 11 12
2 13 13
3 17 17
4 25 26
27
0 28 28
1 29 29
2 31 0
3 3 3
4 11 12
21
0 22 22
1 23 23
2 25 26
3 29 29
4 5 6
26
0 27 27
1 28 28
2 30 30
3 2 3
4 10 10
19
0 20 20
1 21 21
2 23 23
3 27 27
4 3 3
18
0 19 19
1 20 20
2 22 22
3 26 26
4 2 3
