451
0 452 453
1 453 453
2 455 456
3 459 459
4 467 468
5 483 483
6 3 3
7 67 67
8 195 195
121
0 122 122
1 123 125
2 125 125
3 129 129
4 137 138
5 153 153
6 185 185
7 249 250
8 377 377
341
0 342 342
1 343 344
2 345 345
3 349 349
4 357 357
5 373 373
6 405 405
7 469 469
8 85 85
356
0 357 357
1 358 358
2 360 360
3 364 364
4 372 372
5 388 388
6 420 420
7 484 484
8 100 100
181
0 182 182
1 183 183
2 185 185
3 189 189
4 197 197
5 213 213
6 245 245
7 309 310
8 437 437
475
0 476 476
1 477 477
2 479 479
3 483 483
4 491 491
5 507 507
6 27 27
7 91 91
8 219 219
184
0 185 185
1 186 187
2 188 189
3 192 192
4 200 201
5 216 216
6 248 248
7 312 313
8 440 440
443
0 444 444
1 445 446
2 447 447
3 451 451
4 459 459
5 475 475
6 507 507
7 59 59
8 187 187
7
0 8 8
1 9 9
2 11 11
3 15 15
4 23 23
5 39 39
6 71 71
7 135 138
8 263 263
410
0 411 411
1 412 412
2 414 414
3 418 418
4 426 426
5 442 443
6 474 474
7 26 26
8 154 154
345
0 346 347
1 347 347
2 349 349
3 353 353
4 361 361
5 377 377
6 409 409
7 473 473
8 89 89
497
0 498 499
1 499 499
2 501 501
3 505 505
4 1 1
5 17 18
6 49 49
7 113 113
8 241 241
357
0 358 358
1 359 359
2 361 361
3 365 365
4 373 373
5 389 389
6 421 421
7 485 485
8 101 101
323
0 324 325
1 325 325
2 327 327
3 331 331
4 339 339
5 355 355
6 387 387
7 451 451
8 67 67
195
0 196 196
1 197 197
2 199 199
3 203 203
4 211 211
5 227 227
6 259 259
7 323 323
8 451 451
292
0 293 294
1 294 294
2 296 296
3 300 300
4 308 308
5 324 325
6 356 356
7 420 420
8 36 36
29
0 30 33
1 31 33
2 33 33
3 37 37
4 45 47
5 61 62
6 93 93
7 157 157
8 285 285
318
0 319 319
1 320 320
2 322 322
3 326 326
4 334 334
5 350 351
6 382 382
7 446 446
8 62 62
443
0 444 444
1 445 446
2 447 447
3 451 451
4 459 459
5 475 475
6 507 507
7 59 59
8 187 187
154
0 155 155
1 156 157
2 158 158
3 162 163
4 170 170
5 186 187
6 218 219
7 282 282
8 410 410
477
0 478 478
1 479 479
2 481 481
3 485 485
4 493 493
5 509 509
6 29 29
7 93 93
8 221 221
180
0 181 181
1 182 182
2 184 184
3 188 189
4 196 196
5 212 212
6 244 244
7 308 308
8 436 436
474
0 475 475
1 476 476
2 478 478
3 482 482
4 490 490
5 506 506
6 26 26
7 90 90
8 218 219
26
0 27 27
1 28 28
2 30 33
3 34 34
4 42 42
5 58 59
6 90 90
7 154 154
8 282 282
287
0 288 288
1 289 291
2 291 291
3 295 295
4 303 303
5 319 319
6 351 351
7 415 416
8 31 33
201
0 202 202
1 203 203
2 205 205
3 209 209
4 217 217
5 233 233
6 265 265
7 329 329
8 457 458
305
0 306 306
1 307 308
2 309 310
3 313 313
4 321 321
5 337 338
6 369 369
7 433 433
8 49 49
51
0 52 52
1 53 53
2 55 55
3 59 59
4 67 67
5 83 83
6 115 116
7 179 179
8 307 308
339
0 340 340
1 341 341
2 343 344
3 347 347
4 355 355
5 371 371
6 403 403
7 467 468
8 83 83
269
0 270 270
1 271 271
2 273 273
3 277 277
4 285 285
5 301 301
6 333 333
7 397 397
8 13 13
338
0 339 339
1 340 340
2 342 342
3 346 347
4 354 354
5 370 370
6 402 402
7 466 466
8 82 82
79
0 80 80
1 81 81
2 83 83
3 87 87
4 95 95
5 111 111
6 143 144
7 207 207
8 335 335
237
0 238 238
1 239 239
2 241 241
3 245 245
4 253 255
5 269 269
6 301 301
7 365 365
8 493 493
189
0 190 190
1 191 191
2 193 193
3 197 197
4 205 205
5 221 221
6 253 255
7 317 317
8 445 446
21
0 22 22
1 23 23
2 25 26
3 29 29
4 37 37
5 53 53
6 85 85
7 149 149
8 277 277
166
0 167 167
1 168 168
2 170 170
3 174 175
4 182 182
5 198 199
6 230 230
7 294 294
8 422 422
39
0 40 40
1 41 41
2 43 44
3 47 47
4 55 55
5 71 71
6 103 103
7 167 167
8 295 295
433
0 434 434
1 435 435
2 437 437
3 441 443
4 449 449
5 465 465
6 497 497
7 49 49
8 177 177
102
0 103 103
1 104 105
2 106 108
3 110 111
4 118 118
5 134 134
6 166 166
7 230 230
8 358 358
94
0 95 95
1 96 96
2 98 98
3 102 102
4 110 111
5 126 126
6 158 158
7 222 222
8 350 351
76
0 77 77
1 78 78
2 80 80
3 84 84
4 92 92
5 108 108
6 140 140
7 204 205
8 332 332
33
0 34 34
1 35 35
2 37 37
3 41 41
4 49 49
5 65 65
6 97 97
7 161 161
8 289 291
382
0 383 383
1 384 384
2 386 386
3 390 391
4 398 399
5 414 414
6 446 446
7 510 510
8 126 126
420
0 421 421
1 422 422
2 424 424
3 428 428
4 436 436
5 452 453
6 484 484
7 36 36
8 164 164
235
0 236 236
1 237 237
2 239 239
3 243 243
4 251 251
5 267 267
6 299 299
7 363 363
8 491 491
144
0 145 145
1 146 146
2 148 148
3 152 152
4 160 160
5 176 176
6 208 208
7 272 272
8 400 400
82
0 83 83
1 84 84
2 86 86
3 90 90
4 98 98
5 114 114
6 146 146
7 210 210
8 338 338
242
0 243 243
1 244 244
2 246 246
3 250 250
4 258 258
5 274 274
6 306 306
7 370 370
8 498 499
190
0 191 191
1 192 192
2 194 195
3 198 199
4 206 206
5 222 222
6 254 255
7 318 318
8 446 446
225
0 226 226
1 227 227
2 229 229
3 233 233
4 241 241
5 257 257
6 289 291
7 353 353
8 481 481
281
0 282 282
1 283 283
2 285 285
3 289 291
4 297 297
5 313 313
6 345 345
7 409 409
8 25 26
383
0 384 384
1 385 385
2 387 387
3 391 391
4 399 399
5 415 416
6 447 447
7 511 0
8 127 128
9
0 10 10
1 11 11
2 13 13
3 17 18
4 25 26
5 41 41
6 73 73
7 137 138
8 265 265
22
0 23 23
1 24 24
2 26 26
3 30 33
4 38 38
5 54 54
6 86 86
7 150 150
8 278 278
416
0 417 417
1 418 418
2 420 420
3 424 424
4 432 432
5 448 448
6 480 480
7 32 33
8 160 160
472
0 473 473
1 474 474
2 476 476
3 480 480
4 488 488
5 504 504
6 24 24
7 88 88
8 216 216
388
0 389 389
1 390 391
2 392 392
3 396 396
4 404 404
5 420 420
6 452 453
7 4 4
8 132 132
432
0 433 433
1 434 434
2 436 436
3 440 440
4 448 448
5 464 464
6 496 496
7 48 48
8 176 176
286
0 287 287
1 288 288
2 290 291
3 294 294
4 302 302
5 318 318
6 350 351
7 414 414
8 30 33
304
0 305 305
1 306 306
2 308 308
3 312 313
4 320 320
5 336 336
6 368 368
7 432 432
8 48 48
313
0 314 314
1 315 315
2 317 317
3 321 321
4 329 329
5 345 345
6 377 377
7 441 443
8 57 59
490
0 491 491
1 492 492
2 494 494
3 498 499
4 506 506
5 10 10
6 42 42
7 106 108
8 234 235
205
0 206 206
1 207 207
2 209 209
3 213 213
4 221 221
5 237 237
6 269 269
7 333 333
8 461 461
2
0 3 3
1 4 4
2 6 6
3 10 10
4 18 18
5 34 34
6 66 66
7 130 131
8 258 258
126
0 127 128
1 128 128
2 130 131
3 134 134
4 142 142
5 158 158
6 190 190
7 254 255
8 382 382
506
0 507 507
1 508 509
2 510 510
3 2 2
4 10 10
5 26 26
6 58 59
7 122 122
8 250 250
163
0 164 164
1 165 165
2 167 167
3 171 171
4 179 179
5 195 195
6 227 227
7 291 291
8 419 419
351
0 352 352
1 353 353
2 355 355
3 359 359
4 367 367
5 383 383
6 415 416
7 479 479
8 95 95
298
0 299 299
1 300 300
2 302 302
3 306 306
4 314 314
5 330 330
6 362 362
7 426 426
8 42 42
59
0 60 60
1 61 62
2 63 64
3 67 67
4 75 75
5 91 91
6 123 125
7 187 187
8 315 315
168
0 169 169
1 170 170
2 172 172
3 176 176
4 184 184
5 200 201
6 232 232
7 296 296
8 424 424
175
0 176 176
1 177 177
2 179 179
3 183 183
4 191 191
5 207 207
6 239 239
7 303 303
8 431 432
125
0 126 126
1 127 128
2 129 129
3 133 133
4 141 141
5 157 157
6 189 189
7 253 255
8 381 381
434
0 435 435
1 436 436
2 438 438
3 442 443
4 450 450
5 466 466
6 498 499
7 50 50
8 178 178
35
0 36 36
1 37 37
2 39 39
3 43 44
4 51 51
5 67 67
6 99 99
7 163 163
8 291 291
500
0 501 501
1 502 502
2 504 504
3 508 509
4 4 4
5 20 20
6 52 52
7 116 116
8 244 244
255
0 256 256
1 257 257
2 259 259
3 263 263
4 271 271
5 287 287
6 319 319
7 383 383
8 511 0
95
0 96 96
1 97 97
2 99 99
3 103 103
4 111 111
5 127 128
6 159 159
7 223 224
8 351 351
54
0 55 55
1 56 59
2 58 59
3 62 62
4 70 70
5 86 86
6 118 118
7 182 182
8 310 310
354
0 355 355
1 356 356
2 358 358
3 362 362
4 370 370
5 386 386
6 418 418
7 482 482
8 98 98
59
0 60 60
1 61 62
2 63 64
3 67 67
4 75 75
5 91 91
6 123 125
7 187 187
8 315 315
185
0 186 187
1 187 187
2 189 189
3 193 193
4 201 201
5 217 217
6 249 250
7 313 313
8 441 443
241
0 242 242
1 243 243
2 245 245
3 249 250
4 257 257
5 273 273
6 305 305
7 369 369
8 497 497
430
0 431 432
1 432 432
2 434 434
3 438 438
4 446 446
5 462 462
6 494 494
7 46 47
8 174 175
355
0 356 356
1 357 357
2 359 359
3 363 363
4 371 371
5 387 387
6 419 419
7 483 483
8 99 99
273
0 274 274
1 275 275
2 277 277
3 281 281
4 289 291
5 305 305
6 337 338
7 401 401
8 17 18
90
0 91 91
1 92 92
2 94 94
3 98 98
4 106 108
5 122 122
6 154 154
7 218 219
8 346 347
347
0 348 348
1 349 349
2 351 351
3 355 355
4 363 363
5 379 379
6 411 411
7 475 475
8 91 91
175
0 176 176
1 177 177
2 179 179
3 183 183
4 191 191
5 207 207
6 239 239
7 303 303
8 431 432
68
0 69 69
1 70 70
2 72 72
3 76 76
4 84 84
5 100 100
6 132 132
7 196 196
8 324 325
272
0 273 273
1 274 274
2 276 276
3 280 280
4 288 288
5 304 304
6 336 336
7 400 400
8 16 16
138
0 139 139
1 140 140
2 142 142
3 146 146
4 154 154
5 170 170
6 202 202
7 266 266
8 394 394
138
0 139 139
1 140 140
2 142 142
3 146 146
4 154 154
5 170 170
6 202 202
7 266 266
8 394 394
369
0 370 370
1 371 371
2 373 373
3 377 377
4 385 385
5 401 401
6 433 433
7 497 497
8 113 113
257
0 258 258
1 259 259
2 261 262
3 265 265
4 273 273
5 289 291
6 321 321
7 385 385
8 1 1
440
0 441 443
1 442 443
2 444 444
3 448 448
4 456 456
5 472 472
6 504 504
7 56 59
8 184 184
15
0 16 16
1 17 18
2 19 19
3 23 23
4 31 33
5 47 47
6 79 79
7 143 144
8 271 271
52
0 53 53
1 54 54
2 56 59
3 60 60
4 68 68
5 84 84
6 116 116
7 180 180
8 308 308
171
0 172 172
1 173 175
2 175 175
3 179 179
4 187 187
5 203 203
6 235 235
7 299 299
8 427 427
19
0 20 20
1 21 21
2 23 23
3 27 27
4 35 35
5 51 51
6 83 83
7 147 147
8 275 275
344
0 345 345
1 346 347
2 348 348
3 352 352
4 360 360
5 376 376
6 408 409
7 472 472
8 88 88
417
0 418 418
1 419 419
2 421 421
3 425 425
4 433 433
5 449 449
6 481 481
7 33 33
8 161 161
295
0 296 296
1 297 297
2 299 299
3 303 303
4 311 311
5 327 327
6 359 359
7 423 423
8 39 39
499
0 500 500
1 501 501
2 503 503
3 507 507
4 3 3
5 19 19
6 51 51
7 115 116
8 243 243
320
0 321 321
1 322 322
2 324 325
3 328 328
4 336 336
5 352 352
6 384 384
7 448 448
8 64 64
276
0 277 277
1 278 278
2 280 280
3 284 284
4 292 292
5 308 308
6 340 340
7 404 404
8 20 20
270
0 271 271
1 272 272
2 274 274
3 278 278
4 286 286
5 302 302
6 334 334
7 398 399
8 14 15
73
0 74 74
1 75 75
2 77 77
3 81 81
4 89 89
5 105 105
6 137 138
7 201 201
8 329 329
0
0 1 1
1 2 2
2 4 4
3 8 8
4 16 16
5 32 33
6 64 64
7 128 128
8 256 256
314
0 315 315
1 316 317
2 318 318
3 322 322
4 330 330
5 346 347
6 378 378
7 442 443
8 58 59
97
0 98 98
1 99 99
2 101 101
3 105 105
4 113 113
5 129 129
6 161 161
7 225 225
8 353 353
59
0 60 60
1 61 62
2 63 64
3 67 67
4 75 75
5 91 91
6 123 125
7 187 187
8 315 315
92
0 93 93
1 94 94
2 96 96
3 100 100
4 108 108
5 124 125
6 156 157
7 220 220
8 348 348
191
0 192 192
1 193 193
2 195 195
3 199 199
4 207 207
5 223 224
6 255 255
7 319 319
8 447 447
119
0 120 120
1 121 121
2 123 125
3 127 128
4 135 138
5 151 151
6 183 183
7 247 247
8 375 376
504
0 505 505
1 506 506
2 508 509
3 0 0
4 8 8
5 24 24
6 56 59
7 120 120
8 248 248
165
0 166 166
1 167 167
2 169 169
3 173 175
4 181 181
5 197 197
6 229 229
7 293 294
8 421 421
87
0 88 88
1 89 89
2 91 91
3 95 95
4 103 103
5 119 119
6 151 151
7 215 215
8 343 344
464
0 465 465
1 466 466
2 468 468
3 472 472
4 480 480
5 496 496
6 16 16
7 80 80
8 208 208
178
0 179 179
1 180 180
2 182 182
3 186 187
4 194 195
5 210 210
6 242 242
7 306 306
8 434 434
196
0 197 197
1 198 199
2 200 201
3 204 205
4 212 212
5 228 228
6 260 262
7 324 325
8 452 453
376
0 377 377
1 378 378
2 380 380
3 384 384
4 392 392
5 408 409
6 440 440
7 504 504
8 120 120
12
0 13 13
1 14 15
2 16 16
3 20 20
4 28 28
5 44 44
6 76 76
7 140 140
8 268 268
48
0 49 49
1 50 50
2 52 52
3 56 59
4 64 64
5 80 80
6 112 112
7 176 176
8 304 304
461
0 462 462
1 463 464
2 465 465
3 469 469
4 477 477
5 493 493
6 13 13
7 77 77
8 205 205
6
0 7 7
1 8 8
2 10 10
3 14 15
4 22 22
5 38 38
6 70 70
7 134 134
8 262 262
263
0 264 264
1 265 265
2 267 267
3 271 271
4 279 279
5 295 295
6 327 327
7 391 391
8 7 7
33
0 34 34
1 35 35
2 37 37
3 41 41
4 49 49
5 65 65
6 97 97
7 161 161
8 289 291
163
0 164 164
1 165 165
2 167 167
3 171 171
4 179 179
5 195 195
6 227 227
7 291 291
8 419 419
483
0 484 484
1 485 485
2 487 487
3 491 491
4 499 499
5 3 3
6 35 35
7 99 99
8 227 227
202
0 203 203
1 204 205
2 206 206
3 210 210
4 218 219
5 234 235
6 266 266
7 330 330
8 458 458
101
0 102 102
1 103 103
2 105 105
3 109 111
4 117 117
5 133 133
6 165 165
7 229 229
8 357 357
510
0 511 0
1 0 0
2 2 2
3 6 6
4 14 15
5 30 33
6 62 62
7 126 126
8 254 255
334
0 335 335
1 336 336
2 338 338
3 342 342
4 350 351
5 366 366
6 398 399
7 462 462
8 78 78
386
0 387 387
1 388 388
2 390 391
3 394 394
4 402 402
5 418 418
6 450 450
7 2 2
8 130 131
215
0 216 216
1 217 217
2 219 219
3 223 224
4 231 232
5 247 247
6 279 279
7 343 344
8 471 471
222
0 223 224
1 224 224
2 226 226
3 230 230
4 238 238
5 254 255
6 286 286
7 350 351
8 478 478
364
0 365 365
1 366 366
2 368 368
3 372 372
4 380 380
5 396 396
6 428 428
7 492 492
8 108 108
299
0 300 300
1 301 301
2 303 303
3 307 308
4 315 315
5 331 331
6 363 363
7 427 427
8 43 44
458
0 459 459
1 460 460
2 462 462
3 466 466
4 474 474
5 490 490
6 10 10
7 74 74
8 202 202
501
0 502 502
1 503 503
2 505 505
3 509 509
4 5 5
5 21 21
6 53 53
7 117 117
8 245 245
16
0 17 18
1 18 18
2 20 20
3 24 24
4 32 33
5 48 48
6 80 80
7 144 144
8 272 272
81
0 82 82
1 83 83
2 85 85
3 89 89
4 97 97
5 113 113
6 145 145
7 209 209
8 337 338
118
0 119 119
1 120 120
2 122 122
3 126 126
4 134 134
5 150 150
6 182 182
7 246 246
8 374 374
189
0 190 190
1 191 191
2 193 193
3 197 197
4 205 205
5 221 221
6 253 255
7 317 317
8 445 446
220
0 221 221
1 222 222
2 224 224
3 228 228
4 236 236
5 252 255
6 284 284
7 348 348
8 476 476
425
0 426 426
1 427 427
2 429 429
3 433 433
4 441 443
5 457 458
6 489 489
7 41 41
8 169 169
284
0 285 285
1 286 286
2 288 288
3 292 292
4 300 300
5 316 317
6 348 348
7 412 412
8 28 28
476
0 477 477
1 478 478
2 480 480
3 484 484
4 492 492
5 508 509
6 28 28
7 92 92
8 220 220
229
0 230 230
1 231 232
2 233 233
3 237 237
4 245 245
5 261 262
6 293 294
7 357 357
8 485 485
40
0 41 41
1 42 42
2 44 44
3 48 48
4 56 59
5 72 72
6 104 105
7 168 168
8 296 296
228
0 229 229
1 230 230
2 232 232
3 236 236
4 244 244
5 260 262
6 292 292
7 356 356
8 484 484
36
0 37 37
1 38 38
2 40 40
3 44 44
4 52 52
5 68 68
6 100 100
7 164 164
8 292 292
429
0 430 430
1 431 432
2 433 433
3 437 437
4 445 446
5 461 461
6 493 493
7 45 47
8 173 175
157
0 158 158
1 159 159
2 161 161
3 165 165
4 173 175
5 189 189
6 221 221
7 285 285
8 413 413
401
0 402 402
1 403 403
2 405 405
3 409 409
4 417 417
5 433 433
6 465 465
7 17 18
8 145 145
41
0 42 42
1 43 44
2 45 47
3 49 49
4 57 59
5 73 73
6 105 105
7 169 169
8 297 297
280
0 281 281
1 282 282
2 284 284
3 288 288
4 296 296
5 312 313
6 344 344
7 408 409
8 24 24
438
0 439 439
1 440 440
2 442 443
3 446 446
4 454 454
5 470 470
6 502 502
7 54 54
8 182 182
259
0 260 262
1 261 262
2 263 263
3 267 267
4 275 275
5 291 291
6 323 323
7 387 387
8 3 3
362
0 363 363
1 364 364
2 366 366
3 370 370
4 378 378
5 394 394
6 426 426
7 490 490
8 106 108
129
0 130 131
1 131 131
2 133 133
3 137 138
4 145 145
5 161 161
6 193 193
7 257 257
8 385 385
342
0 343 344
1 344 344
2 346 347
3 350 351
4 358 358
5 374 374
6 406 406
7 470 470
8 86 86
492
0 493 493
1 494 494
2 496 496
3 500 500
4 508 509
5 12 12
6 44 44
7 108 108
8 236 236
116
0 117 117
1 118 118
2 120 120
3 124 125
4 132 132
5 148 148
6 180 180
7 244 244
8 372 372
244
0 245 245
1 246 246
2 248 248
3 252 255
4 260 262
5 276 276
6 308 308
7 372 372
8 500 500
258
0 259 259
1 260 262
2 262 262
3 266 266
4 274 274
5 290 291
6 322 322
7 386 386
8 2 2
146
0 147 147
1 148 148
2 150 150
3 154 154
4 162 163
5 178 178
6 210 210
7 274 274
8 402 402
64
0 65 65
1 66 66
2 68 68
3 72 72
4 80 80
5 96 96
6 128 128
7 192 192
8 320 320
419
0 420 420
1 421 421
2 423 423
3 427 427
4 435 435
5 451 451
6 483 483
7 35 35
8 163 163
456
0 457 458
1 458 458
2 460 460
3 464 464
4 472 472
5 488 488
6 8 8
7 72 72
8 200 201
391
0 392 392
1 393 393
2 395 395
3 399 399
4 407 407
5 423 423
6 455 456
7 7 7
8 135 138
187
0 188 189
1 189 189
2 191 191
3 195 195
4 203 203
5 219 219
6 251 251
7 315 315
8 443 443
414
0 415 416
1 416 416
2 418 418
3 422 422
4 430 430
5 446 446
6 478 478
7 30 33
8 158 158
426
0 427 427
1 428 428
2 430 430
3 434 434
4 442 443
5 458 458
6 490 490
7 42 42
8 170 170
443
0 444 444
1 445 446
2 447 447
3 451 451
4 459 459
5 475 475
6 507 507
7 59 59
8 187 187
470
0 471 471
1 472 472
2 474 474
3 478 478
4 486 486
5 502 502
6 22 22
7 86 86
8 214 214
33
0 34 34
1 35 35
2 37 37
3 41 41
4 49 49
5 65 65
6 97 97
7 161 161
8 289 291
83
0 84 84
1 85 85
2 87 87
3 91 91
4 99 99
5 115 116
6 147 147
7 211 211
8 339 339
13
0 14 15
1 15 15
2 17 18
3 21 21
4 29 29
5 45 47
6 77 77
7 141 141
8 269 269
255
0 256 256
1 257 257
2 259 259
3 263 263
4 271 271
5 287 287
6 319 319
7 383 383
8 511 0
331
0 332 332
1 333 333
2 335 335
3 339 339
4 347 347
5 363 363
6 395 395
7 459 459
8 75 75
193
0 194 195
1 195 195
2 197 197
3 201 201
4 209 209
5 225 225
6 257 257
7 321 321
8 449 449
105
0 106 108
1 107 108
2 109 111
3 113 113
4 121 121
5 137 138
6 169 169
7 233 233
8 361 361
8
0 9 9
1 10 10
2 12 12
3 16 16
4 24 24
5 40 40
6 72 72
7 136 138
8 264 264
219
0 220 220
1 221 221
2 223 224
3 227 227
4 235 235
5 251 251
6 283 283
7 347 347
8 475 475
240
0 241 241
1 242 242
2 244 244
3 248 248
4 256 256
5 272 272
6 304 304
7 368 368
8 496 496
303
0 304 304
1 305 305
2 307 308
3 311 311
4 319 319
5 335 335
6 367 367
7 431 432
8 47 47
169
0 170 170
1 171 171
2 173 175
3 177 177
4 185 185
5 201 201
6 233 233
7 297 297
8 425 425
66
0 67 67
1 68 68
2 70 70
3 74 74
4 82 82
5 98 98
6 130 131
7 194 195
8 322 322
392
0 393 393
1 394 394
2 396 396
3 400 400
4 408 409
5 424 424
6 456 456
7 8 8
8 136 138
486
0 487 487
1 488 488
2 490 490
3 494 494
4 502 502
5 6 6
6 38 38
7 102 102
8 230 230
435
0 436 436
1 437 437
2 439 439
3 443 443
4 451 451
5 467 468
6 499 499
7 51 51
8 179 179
207
0 208 208
1 209 209
2 211 211
3 215 215
4 223 224
5 239 239
6 271 271
7 335 335
8 463 464
446
0 447 447
1 448 448
2 450 450
3 454 454
4 462 462
5 478 478
6 510 510
7 62 62
8 190 190
491
0 492 492
1 493 493
2 495 495
3 499 499
4 507 507
5 11 11
6 43 44
7 107 108
8 235 235
447
0 448 448
1 449 449
2 451 451
3 455 456
4 463 464
5 479 479
6 511 0
7 63 64
8 191 191
348
0 349 349
1 350 351
2 352 352
3 356 356
4 364 364
5 380 380
6 412 412
7 476 476
8 92 92
509
0 510 510
1 511 0
2 1 1
3 5 5
4 13 13
5 29 29
6 61 62
7 125 125
8 253 255
152
0 153 153
1 154 154
2 156 157
3 160 160
4 168 168
5 184 184
6 216 216
7 280 280
8 408 409
437
0 438 438
1 439 439
2 441 443
3 445 446
4 453 453
5 469 469
6 501 501
7 53 53
8 181 181
128
0 129 129
1 130 131
2 132 132
3 136 138
4 144 144
5 160 160
6 192 192
7 256 256
8 384 384
34
0 35 35
1 36 36
2 38 38
3 42 42
4 50 50
5 66 66
6 98 98
7 162 163
8 290 291
283
0 284 284
1 285 285
2 287 287
3 291 291
4 299 299
5 315 315
6 347 347
7 411 411
8 27 27
10
0 11 11
1 12 12
2 14 15
3 18 18
4 26 26
5 42 42
6 74 74
7 138 138
8 266 266
125
0 126 126
1 127 128
2 129 129
3 133 133
4 141 141
5 157 157
6 189 189
7 253 255
8 381 381
195
0 196 196
1 197 197
2 199 199
3 203 203
4 211 211
5 227 227
6 259 259
7 323 323
8 451 451
37
0 38 38
1 39 39
2 41 41
3 45 47
4 53 53
5 69 69
6 101 101
7 165 165
8 293 294
155
0 156 157
1 157 157
2 159 159
3 163 163
4 171 171
5 187 187
6 219 219
7 283 283
8 411 411
23
0 24 24
1 25 26
2 27 27
3 31 33
4 39 39
5 55 55
6 87 87
7 151 151
8 279 279
285
0 286 286
1 287 287
2 289 291
3 293 294
4 301 301
5 317 317
6 349 349
7 413 413
8 29 29
219
0 220 220
1 221 221
2 223 224
3 227 227
4 235 235
5 251 251
6 283 283
7 347 347
8 475 475
77
0 78 78
1 79 79
2 81 81
3 85 85
4 93 93
5 109 111
6 141 141
7 205 205
8 333 333
317
0 318 318
1 319 319
2 321 321
3 325 325
4 333 333
5 349 349
6 381 381
7 445 446
8 61 62
84
0 85 85
1 86 86
2 88 88
3 92 92
4 100 100
5 116 116
6 148 148
7 212 212
8 340 340
340
0 341 341
1 342 342
2 344 344
3 348 348
4 356 356
5 372 372
6 404 404
7 468 468
8 84 84
450
0 451 451
1 452 453
2 454 454
3 458 458
4 466 466
5 482 482
6 2 2
7 66 66
8 194 195
