21
0 22 22
1 23 23
2 25 27
3 29 30
4 5 6
1
0 2 2
1 3 3
2 5 6
3 9 9
4 17 18
30
0 31 0
1 0 0
2 2 2
3 6 6
4 14 14
13
0 14 14
1 15 15
2 17 18
3 21 21
4 29 30
27
0 28 30
1 29 30
2 31 0
3 3 3
4 11 12
27
0 28 30
1 29 30
2 31 0
3 3 3
4 11 12
3
0 4 4
1 5 6
2 7 7
3 11 12
4 19 19
30
0 31 0
1 0 0
2 2 2
3 6 6
4 14 14
19
0 20 21
1 21 21
2 23 23
3 27 27
4 3 3
7
0 8 9
1 9 9
2 11 12
3 15 15
4 23 23
18
0 19 19
1 20 21
2 22 22
3 26 27
4 2 2
30
0 31 0
1 0 0
2 2 2
3 6 6
4 14 14
22
0 23 23
1 24 24
2 26 27
3 30 30
4 6 6
23
0 24 24
1 25 27
2 27 27
3 31 0
4 7 7
14
0 15 15
1 16 16
2 18 18
3 22 22
4 30 30
16
0 17 18
1 18 18
2 20 21
3 24 24
4 0 0
15
0 16 16
1 17 18
2 19 19
3 23 23
4 31 0
24
0 25 27
1 26 27
2 28 30
3 0 0
4 8 9
2
0 3 3
1 4 4
2 6 6
3 10 12
4 18 18
4
0 5 6
1 6 6
2 8 9
3 12 12
4 20 21
9
0 10 12
1 11 12
2 13 13
3 17 18
4 25 27
27
0 28 30
1 29 30
2 31 0
3 3 3
4 11 12
12
0 13 13
1 14 14
2 16 16
3 20 21
4 28 30
6
0 7 7
1 8 9
2 10 12
3 14 14
4 22 22
9
0 10 12
1 11 12
2 13 13
3 17 18
4 25 27
0
0 1 1
1 2 2
2 4 4
3 8 9
4 16 16
21
0 22 22
1 23 23
2 25 27
3 29 30
4 5 6
