8
0 9 9
1 10 10
2 12 12
3 0 2
2
0 3 4
1 4 4
2 6 6
3 10 10
14
0 15 2
1 0 2
2 2 2
3 6 6
10
0 11 11
1 12 12
2 14 14
3 2 2
2
0 3 4
1 4 4
2 6 6
3 10 10
12
0 13 14
1 14 14
2 0 2
3 4 4
7
0 8 8
1 9 9
2 11 11
3 15 2
6
0 7 7
1 8 8
2 10 10
3 14 14
5
0 6 6
1 7 7
2 9 9
3 13 14
4
0 5 5
1 6 6
2 8 8
3 12 12
11
0 12 12
1 13 14
2 15 2
3 3 4
4
0 5 5
1 6 6
2 8 8
3 12 12
14
0 15 2
1 0 2
2 2 2
3 6 6
9
0 10 10
1 11 11
2 13 14
3 1 2
2
0 3 4
1 4 4
2 6 6
3 10 10
